# TASK-15 matched-output baseline

host=macos aarch64; cpu=Apple M1 Pro; rustc=rustc 1.97.1 (8bab26f4f 2026-07-14);
build=profile.bench thin-LTO cg=1; threads=1;
reps=20 after 4 warmup; times=nanoseconds wall;
preflight=syom::decode_cmp::run_preflight; lane=planar_split unless named.

| group | peer | median_ns | p95_ns | bootstrap95_median | raw_ns |
|---|---|---|---|---|---|
| lc_adts | syom | 171396 | 173417 | 171126–171584 | 173542 172750 171959 171584 171875 171417 170959 171584 171209 171416 173417 171416 171375 170625 171209 171042 170917 171292 170750 170917 |
| lc_adts | rusty_aac | 104902291 | 105730916 | 104856500–104924167 | 106360000 105730916 104911250 104959458 104844750 104887458 105005583 104943958 104852417 104901791 104903125 104860583 104814542 104895833 104806916 104923750 104902791 104789917 104840584 104924584 |
| lc_adts | oxideav-aac | 107766521 | 110291959 | 105887708–108756271 | 120875584 110291959 107927750 106876791 109261250 107967792 108597167 108270750 108981042 108915375 107605292 109644375 107160083 105474875 104755042 106300541 103095375 102999375 102963792 103026125 |
| lc_adts | symphonia | 176438 | 195584 | 176334–177292 | 177500 177000 177083 195584 188666 176542 176375 176042 176375 178875 200375 179167 176208 176417 176417 176166 176292 176292 176458 176125 |
| lc_m4a | syom | 161750 | 169042 | 161312–163188 | 169958 166417 164709 163375 162833 169042 168041 163000 161750 161667 161750 161500 161166 161792 161416 161000 161041 161167 161083 161208 |
| he_adts | syom | 1440854 | 1447250 | 1439750–1443625 | 1444625 1439750 1440292 1439250 1438834 1441084 1443417 1443833 1439750 1440416 1438708 1453750 1438167 1446042 1444291 1438583 1441083 1440625 1441959 1447250 |
| he_m4a | syom | 1347354 | 1351583 | 1346230–1349187 | 1348000 1350042 1352000 1347375 1348583 1349625 1346375 1349041 1347334 1346000 1349333 1351583 1345917 1345459 1346292 1345958 1345416 1350167 1346375 1346167 |
| ps_adts | syom | 6377062 | 6438542 | 6362375–6387334 | 6419042 6384125 6361500 6354417 6437834 6707500 6438542 6380334 6382417 6379458 6400083 6374666 6349209 6390542 6355500 6361209 6354541 6365042 6363250 6372833 |
| ps_adts | oxideav-aac | 221745480 | 238812000 | 221085438–229522896 | 225198583 238812000 221963417 221391542 264367291 233587417 229875917 229587041 229657541 229458750 225738875 221527542 221178292 220900125 221420167 220896666 220986000 220992583 220922750 220985541 |
| mc_adts | syom | 1305458 | 1317084 | 1305042–1308562 | 1318042 1309500 1309209 1317084 1314833 1308375 1305333 1308750 1305041 1304917 1305166 1304209 1305584 1304458 1303791 1306959 1305750 1305042 1303917 1305083 |
| mc_adts | oxideav-aac | 990942708 | 1043100334 | 982800021–1004762916 | 1006804125 1015824708 1002388084 970187958 969339166 974009625 1045537917 1002160208 975438250 973094375 990925542 1043100334 1005078625 989120917 988321542 987701084 1022093625 1004447208 990959875 977898958 |
| lc_adts_speech | syom | 169000 | 169875 | 168771–169084 | 170166 169875 169250 169625 168792 169042 168750 169125 168667 169000 169042 169000 168500 169042 168666 168958 168708 169250 168541 168875 |
| lecture_m4a | syom | 201062 | 202791 | 200812–201542 | 202416 206750 202791 201209 201000 200917 200041 200417 200833 200750 200333 200791 201083 201625 201833 201458 201625 201458 200792 201042 |
| lc_adts_discard | syom | 164938 | 166167 | 164666–165396 | 167209 166167 166000 165667 165541 165500 165291 164917 165167 165000 164792 164958 164667 164792 164666 164500 164542 164458 164333 164208 |
| enc_lc_mono | syom | 452812 | 455375 | 452146–453292 | 455375 455417 452791 454875 452833 453959 452334 453459 452000 453417 452166 453167 451209 453084 451666 452792 451083 453041 451542 452125 |
| enc_lc_stereo | syom | 1077334 | 1082875 | 1076771–1079438 | 1086416 1080958 1079208 1082875 1076958 1076917 1076333 1080875 1078583 1081083 1079667 1076625 1077209 1077459 1075917 1077041 1078292 1076583 1073916 1076292 |

## latency (syom ADTS push, nanoseconds)
| phase | median_ns | p95_ns | bootstrap95_median |
|---|---|---|---|
| startup Decoder::new | 480 | 500 | 458–500 |
| first_output | 12542 | 12625 | 12500–12583 |
| steady remaining feeds | 153146 | 155792 | 152937–153666 |
| finish | 42 | 84 | 42–83 |
BENCH_EXIT:0
