# TASK-15 matched-output baseline

host=linux x86_64; cpu=AMD Ryzen AI 9 HX 370 w/ Radeon 890M; rustc=rustc 1.97.1 (8bab26f4f 2026-07-14);
build=profile.bench thin-LTO cg=1; threads=1;
reps=20 after 4 warmup; times=nanoseconds wall;
preflight=syom::decode_cmp::run_preflight; lane=planar_split unless named.

| group | peer | median_ns | p95_ns | bootstrap95_median | raw_ns |
|---|---|---|---|---|---|
| lc_adts | syom | 225802 | 239733 | 221554–233251 | 237159 226077 241096 223363 221259 230896 227259 220176 235606 227751 221118 235836 218674 221779 239733 225527 221168 238281 221329 225396 |
| lc_adts | rusty_aac | 297063201 | 442462346 | 280888016–357578878 | 289018384 274637783 278796148 279789959 253137946 362695266 385341782 329419273 352462490 442462346 433199916 344332071 381812166 452179297 273878567 290157879 277257788 299192589 294933813 281986072 |
| lc_adts | oxideav-aac | 318364182 | 498819988 | 292226718–398103040 | 318492896 318235469 323563467 276115488 274451030 275926571 291950059 301070100 307493971 369599545 259919574 239752917 386933403 481940630 464653872 419432776 409272677 498819988 680920665 292503376 |
| lc_adts | symphonia | 176704 | 220878 | 157152–216950 | 150645 177606 156506 157799 150865 169190 220878 217922 222411 219105 220717 175803 215688 220246 215978 211089 150826 156145 155294 163850 |
| lc_m4a | syom | 172356 | 181474 | 170436–175006 | 146377 121860 134354 173388 181474 191843 177616 177355 168559 171905 172105 176464 168358 171524 172606 171293 169580 176534 173549 172706 |
| he_adts | syom | 2024098 | 2039948 | 2014105–2034624 | 2029358 2038115 2011996 2007758 1998159 2016214 2004892 2037885 2020251 2034228 2023017 2039948 2021935 2035540 2041862 2030190 1964165 1388958 2025180 2035020 |
| he_m4a | syom | 2081146 | 2110262 | 2071042–2093030 | 2092228 2077921 2099351 2083241 2094723 2079523 2077349 2050188 2123367 2109740 2110262 2064736 2062381 2082769 2086217 1996646 2093831 2078301 2055679 2060207 |
| ps_adts | syom | 9193735 | 10376447 | 8712184–9776276 | 9945331 8575211 10329869 10376878 10314480 10376447 10130542 7803480 8345967 9153023 9607222 9140239 9014511 9584589 7868173 9234447 7968062 8849158 6940739 9348804 |
| ps_adts | oxideav-aac | 610998606 | 944301164 | 585665874–674876994 | 599051017 536562539 661981792 556861425 572937833 944301164 820373272 1002317253 687772195 570380637 648641368 591643225 595037295 592055835 572956278 579688522 655499992 622946196 709485875 839682997 |
| mc_adts | syom | 1883703 | 1955208 | 1873840–1898612 | 1926073 1955208 1916075 1574609 1188759 1853005 1859458 1850730 1899002 1879746 1880838 1886107 1871711 1875969 1892439 1907248 1957983 1881299 1896237 1898221 |
| mc_adts | oxideav-aac | 3008484088 | 3745958276 | 2884665478–3194725564 | 3038995261 2870987510 2499165151 3745958276 2935719052 3222214294 3467402953 2852349267 2547625425 2707427885 3930619516 2923842306 3033596108 3159854328 3453688171 2844426400 2898343446 3167236833 3395174060 2983372069 |
| lc_adts_speech | syom | 161781 | 205158 | 132140–194523 | 208254 156466 130426 123633 122893 146227 167266 133853 130066 195189 135897 184359 193857 203094 205158 200480 199066 167096 123564 122702 |
| lecture_m4a | syom | 266855 | 271233 | 247718–269114 | 268668 268097 268969 271233 272175 266785 270021 254621 270081 266044 266925 270802 269259 265132 237309 237910 220477 218423 236568 240815 |
| lc_adts_discard | syom | 203365 | 211630 | 199142–207096 | 211630 207803 206380 205058 203856 206771 200690 197694 179980 188526 213684 207443 202874 200569 200620 207422 197714 177747 171384 207833 |
| enc_lc_mono | syom | 706351 | 735240 | 686334–712257 | 571802 740150 727656 713609 735240 713770 493293 489906 580387 546975 688412 707037 710905 694794 708721 716064 684255 709662 705665 691929 |
| enc_lc_stereo | syom | 1581822 | 1802850 | 1488250–1683594 | 1405428 1306952 1288207 1296553 1573556 1711417 1700677 1802850 1858916 1798011 1558437 1648328 1602251 1695096 1590088 1473477 1672092 1503022 1285291 1510507 |

## latency (syom ADTS push, nanoseconds)
| phase | median_ns | p95_ns | bootstrap95_median |
|---|---|---|---|
| startup Decoder::new | 371 | 671 | 350–401 |
| first_output | 16240 | 16942 | 15454–16386 |
| steady remaining feeds | 185696 | 193886 | 152874–189698 |
| finish | 55 | 80 | 50–60 |
