START 2026-09-30T15:35:57+03:00 15.97 17.10 18.65 38/6318 2463825
# TASK-15 matched-output baseline

host=linux x86_64; cpu=AMD Ryzen AI 9 HX 370 w/ Radeon 890M; rustc=rustc 1.97.1 (8bab26f4f 2026-07-14);
build=profile.bench thin-LTO cg=1; threads=1;
reps=20 after 4 warmup; times=nanoseconds wall;
preflight=syom::decode_cmp::run_preflight; lane=planar_split unless named.

| group | peer | median_ns | p95_ns | bootstrap95_median | raw_ns |
|---|---|---|---|---|---|
| lc_adts | syom | 94402 | 165349 | 86372–138314 | 165349 172092 164338 165240 164398 149410 127218 109455 93224 108473 86391 86012 85941 86552 86101 85881 86492 85931 86352 95579 |
| lc_adts | rusty_aac | 239336798 | 248461291 | 235151673–241888614 | 242370000 239895284 242637952 240377628 237406522 238487577 241407227 243461334 242378085 248461291 238302992 240632124 238778312 229863091 230762235 231229911 232896824 230220290 232326465 263722670 |
| lc_adts | oxideav-aac | 216610840 | 229994467 | 215126480–218114087 | 216663694 221243274 218362367 214922392 217842352 216531426 217865807 215330567 219356980 215352067 229994467 214605900 214621007 210971341 217450518 212267920 213609133 224923136 234545723 216557986 |
| lc_adts | symphonia | 143428 | 146785 | 143284–143680 | 144281 154008 143800 143499 143388 143710 146785 143559 143308 143279 143649 143238 143179 146173 143149 143469 143108 143328 143289 143238 |
| lc_m4a | syom | 78923 | 84789 | 78708–79419 | 80871 79949 79670 78877 78887 78958 78888 79199 85490 79639 79028 84789 78648 79078 78767 78568 78587 78287 78376 78256 |
| he_adts | syom | 1166436 | 1923924 | 1145090–1358726 | 1151858 1151457 1159172 1136028 1412847 1304604 1138723 1133303 1136600 1136609 1132782 1152168 1257055 1972195 1923924 1443865 1430650 1436641 1173699 1190300 |
| he_m4a | syom | 1141138 | 1503336 | 1137846–1215822 | 1138232 1137150 1633099 1143041 1139224 1213273 1218372 1503336 1154382 1138333 1137461 1125889 1234463 1488618 1127793 1127883 1127132 1139234 1212972 1230836 |
| ps_adts | syom | 5807650 | 6621624 | 5546360–6028027 | 6424235 5778555 6160110 6130975 7072679 6621624 5821215 5532484 5534788 5827146 6411681 5646648 5395708 5925079 5557932 5834360 5794084 5359260 5278639 5293967 |
| ps_adts | oxideav-aac | 438349042 | 462054594 | 417198495–453036490 | 462054594 453604053 448927622 452468926 451104290 448326417 461046034 456781215 463953310 416644758 416925835 417471155 456540414 428371666 403692133 401764573 404512531 426081075 412932122 421248322 |
| mc_adts | syom | 686857 | 873616 | 657968–743037 | 873616 937977 743833 839753 797494 765424 742241 722103 714498 700943 672771 660707 660498 655959 657752 657011 654646 658183 654657 652101 |
| mc_adts | oxideav-aac | 1884040588 | 1938937488 | 1788747396–1914361892 | 1900607774 1746062696 1787870975 2007831125 1904655888 1911051799 1934815797 1938937488 1868815197 1917671986 1899265980 1806848628 1840126147 1771428015 1742858288 1789623816 1786209279 1918913641 1928293555 1765154341 |
| lc_adts_speech | syom | 78231 | 83026 | 76769–80782 | 81162 81152 80471 78477 78296 77446 86822 78718 78166 78127 81092 76233 77305 81913 73849 73277 73287 74700 73488 83026 |
| lecture_m4a | syom | 79664 | 87544 | 79203–80901 | 87544 81763 82405 80711 80381 81091 80711 79409 79148 79118 79048 82705 93606 79579 79399 78767 78337 79108 79258 79749 |
| lc_adts_discard | syom | 72010 | 75211 | 71884–72450 | 73908 73197 72396 76413 72075 72005 71875 71894 75211 72306 72015 71874 71864 71905 71835 72505 71874 71775 74610 71954 |
| enc_lc_mono | syom | 336074 | 359503 | 333304–341946 | 364383 359503 350698 343704 344926 336370 335278 337663 333124 332303 345638 340187 331201 334827 330289 330870 335779 330980 337022 333484 |
| enc_lc_stereo | syom | 858038 | 890789 | 852753–871082 | 948768 878135 864289 873777 862105 857116 890789 852427 850223 853079 851876 850874 856835 884927 856464 858960 868387 886901 851996 852277 |

## latency (syom ADTS push, nanoseconds)
| phase | median_ns | p95_ns | bootstrap95_median |
|---|---|---|---|
| startup Decoder::new | 231 | 270 | 230–241 |
| first_output | 6141 | 6803 | 6021–6292 |
| steady remaining feeds | 70066 | 76012 | 69010–71098 |
| finish | 30 | 40 | 30–30 |
END 2026-09-30T15:37:07+03:00 10.31 15.36 17.93 3/5853 2470072
